Angular Position, Run #39
Time ( s )	Angular Position ( rad )
0,0000	-0,162
0,0400	-0,159
0,0800	-0,156
0,1200	-0,152
0,1600	-0,148
0,2000	-0,145
0,2400	-0,141
0,2800	-0,137
0,3200	-0,134
0,3600	-0,130
0,4000	-0,126
0,4400	-0,121
0,4800	-0,118
0,5200	-0,113
0,5600	-0,108
0,6000	-0,104
0,6400	-0,097
0,6800	-0,093
0,7200	-0,088
0,7600	-0,082
0,8000	-0,075
0,8400	-0,069
0,8800	-0,063
0,9200	-0,057
0,9600	-0,050
1,0000	-0,042
1,0400	-0,036
1,0800	-0,028
1,1200	-0,022
1,1600	-0,014
1,2000	-0,008
1,2400	0,000
1,2800	0,006
1,3200	0,013
1,3600	0,019
1,4000	0,025
1,4400	0,030
1,4800	0,035
1,5200	0,038
1,5600	0,041
1,6000	0,044
1,6400	0,046
1,6800	0,046
1,7200	0,046
1,7600	0,046
1,8000	0,046
1,8400	0,044
1,8800	0,042
1,9200	0,041
1,9600	0,039
2,0000	0,038
2,0400	0,035
2,0800	0,033
2,1200	0,030
2,1600	0,027
2,2000	0,024
2,2400	0,019
2,2800	0,016
2,3200	0,009
2,3600	0,005
2,4000	0,000
2,4400	-0,006
2,4800	-0,013
2,5200	-0,020
2,5600	-0,028
2,6000	-0,035
2,6400	-0,042
2,6800	-0,052
2,7200	-0,060
2,7600	-0,069
2,8000	-0,079
2,8400	-0,086
2,8800	-0,096
2,9200	-0,105
2,9600	-0,113
3,0000	-0,121
3,0400	-0,129
3,0800	-0,137
3,1200	-0,143
3,1600	-0,149
3,2000	-0,156
3,2400	-0,160
3,2800	-0,165
3,3200	-0,168
3,3600	-0,171
3,4000	-0,173
3,4400	-0,174
3,4800	-0,174
3,5200	-0,174
3,5600	-0,174
3,6000	-0,173
3,6400	-0,171
3,6800	-0,170
3,7200	-0,167
3,7600	-0,165
3,8000	-0,162
3,8400	-0,159
3,8800	-0,156
3,9200	-0,152
3,9600	-0,149
4,0000	-0,145
4,0400	-0,141
4,0800	-0,137
4,1200	-0,134
4,1600	-0,129
4,2000	-0,126
4,2400	-0,121
4,2800	-0,118
4,3200	-0,113
4,3600	-0,108
4,4000	-0,104
4,4400	-0,099
4,4800	-0,094
4,5200	-0,090
4,5600	-0,083
4,6000	-0,079
4,6400	-0,072
4,6800	-0,066
4,7200	-0,060
4,7600	-0,053
4,8000	-0,047
4,8400	-0,039
4,8800	-0,033
4,9200	-0,025
4,9600	-0,017
5,0000	-0,011
5,0400	-0,003
5,0800	0,003
5,1200	0,009
5,1600	0,016
5,2000	0,022
5,2400	0,028
5,2800	0,033
5,3200	0,036
5,3600	0,041
5,4000	0,042
5,4400	0,046
5,4800	0,046
5,5200	0,047
5,5600	0,047
5,6000	0,047
5,6400	0,046
5,6800	0,044
5,7200	0,042
5,7600	0,041
5,8000	0,039
5,8400	0,036
5,8800	0,035
5,9200	0,031
5,9600	0,028
6,0000	0,025
6,0400	0,020
6,0800	0,016
6,1200	0,011
6,1600	0,006
6,2000	0,002
6,2400	-0,005
6,2800	-0,013
6,3200	-0,019
6,3600	-0,027
6,4000	-0,035
6,4400	-0,042
6,4800	-0,052
6,5200	-0,060
6,5600	-0,069
6,6000	-0,079
6,6400	-0,086
6,6800	-0,096
6,7200	-0,104
6,7600	-0,112
6,8000	-0,121
6,8400	-0,129
6,8800	-0,135
6,9200	-0,141
6,9600	-0,148
7,0000	-0,154
7,0400	-0,159
7,0800	-0,162
7,1200	-0,167
7,1600	-0,168
7,2000	-0,171
7,2400	-0,173
7,2800	-0,173
7,3200	-0,173
7,3600	-0,173
7,4000	-0,171
7,4400	-0,170
7,4800	-0,168
7,5200	-0,167
7,5600	-0,163
7,6000	-0,160
7,6400	-0,159
7,6800	-0,156
7,7200	-0,152
7,7600	-0,149
7,8000	-0,146
7,8400	-0,143
7,8800	-0,138
7,9200	-0,135
7,9600	-0,132
8,0000	-0,127
8,0400	-0,124
8,0800	-0,119
8,1200	-0,116
8,1600	-0,112
8,2000	-0,107
8,2400	-0,102
8,2800	-0,097
8,3200	-0,093
8,3600	-0,086
8,4000	-0,082
8,4400	-0,075
8,4800	-0,069
8,5200	-0,063
8,5600	-0,055
8,6000	-0,049
8,6400	-0,041
8,6800	-0,035
8,7200	-0,027
8,7600	-0,019
8,8000	-0,011
8,8400	-0,005
8,8800	0,003
8,9200	0,009
8,9600	0,016
9,0000	0,022
9,0400	0,028
9,0800	0,033
9,1200	0,038
9,1600	0,041
9,2000	0,044
9,2400	0,046
9,2800	0,047
9,3200	0,047
9,3600	0,047
9,4000	0,047
9,4400	0,047
9,4800	0,046
9,5200	0,044
9,5600	0,042
9,6000	0,041
9,6400	0,038
9,6800	0,035
9,7200	0,031
9,7600	0,028
9,8000	0,025
9,8400	0,020
9,8800	0,016
9,9200	0,011
9,9600	0,006
10,0000	0,000
10,0400	-0,006
10,0800	-0,013
10,1200	-0,019
10,1600	-0,027
10,2000	-0,035
10,2400	-0,042
10,2800	-0,050
10,3200	-0,060
10,3600	-0,068
10,4000	-0,077
10,4400	-0,085
10,4800	-0,094
10,5200	-0,102
10,5600	-0,110
10,6000	-0,118
10,6400	-0,126
10,6800	-0,134
10,7200	-0,140
10,7600	-0,146
10,8000	-0,152
10,8400	-0,156
10,8800	-0,160
10,9200	-0,165
10,9600	-0,167
11,0000	-0,170
11,0400	-0,171
11,0800	-0,173
11,1200	-0,173
11,1600	-0,173
11,2000	-0,171
11,2400	-0,171
11,2800	-0,168
11,3200	-0,167
11,3600	-0,165
11,4000	-0,162
11,4400	-0,160
11,4800	-0,157
11,5200	-0,154
11,5600	-0,151
11,6000	-0,148
11,6400	-0,145
11,6800	-0,141
11,7200	-0,137
11,7600	-0,134
11,8000	-0,129
11,8400	-0,126
11,8800	-0,121
11,9200	-0,118
11,9600	-0,113
12,0000	-0,108
12,0400	-0,104
12,0800	-0,097
12,1200	-0,093
12,1600	-0,088
12,2000	-0,082
12,2400	-0,075
12,2800	-0,069
12,3200	-0,063
12,3600	-0,057
12,4000	-0,049
12,4400	-0,042
12,4800	-0,035
12,5200	-0,028
12,5600	-0,020
12,6000	-0,013
12,6400	-0,005
12,6800	0,002
12,7200	0,008
12,7600	0,016
12,8000	0,020
12,8400	0,027
12,8800	0,031
12,9200	0,036
12,9600	0,039
13,0000	0,041
13,0400	0,044
13,0800	0,046
13,1200	0,046
13,1600	0,046
13,2000	0,046
13,2400	0,044
13,2800	0,042
13,3200	0,041
13,3600	0,041
13,4000	0,039
13,4400	0,036
13,4800	0,035
13,5200	0,031
13,5600	0,028
13,6000	0,027
13,6400	0,022
13,6800	0,019
13,7200	0,014
13,7600	0,009
13,8000	0,005
13,8400	-0,002
13,8800	-0,008
13,9200	-0,014
13,9600	-0,022
14,0000	-0,028
14,0400	-0,036
14,0800	-0,046
14,1200	-0,053
14,1600	-0,063
14,2000	-0,072
14,2400	-0,080
14,2800	-0,090
14,3200	-0,099
14,3600	-0,108
14,4000	-0,116
14,4400	-0,124
14,4800	-0,134
14,5200	-0,140
14,5600	-0,148
14,6000	-0,154
14,6400	-0,159
14,6800	-0,163
14,7200	-0,168
14,7600	-0,171
14,8000	-0,173
14,8400	-0,174
14,8800	-0,176
14,9200	-0,176
14,9600	-0,176
15,0000	-0,174
15,0400	-0,174
15,0800	-0,173
15,1200	-0,170
15,1600	-0,167
15,2000	-0,163
15,2400	-0,160
15,2800	-0,157
15,3200	-0,154
15,3600	-0,149
15,4000	-0,146
15,4400	-0,143
15,4800	-0,138
15,5200	-0,135
15,5600	-0,130
15,6000	-0,126
15,6400	-0,123
15,6800	-0,118
15,7200	-0,113
15,7600	-0,110
15,8000	-0,105
15,8400	-0,101
15,8800	-0,096
15,9200	-0,091
15,9600	-0,085
16,0000	-0,080
16,0400	-0,074
16,0800	-0,069
16,1200	-0,063
16,1600	-0,057
16,2000	-0,050
16,2400	-0,044
16,2800	-0,036
16,3200	-0,030
16,3600	-0,022
16,4000	-0,016
16,4400	-0,009
16,4800	-0,002
16,5200	0,005
16,5600	0,013
16,6000	0,017
16,6400	0,024
16,6800	0,028
16,7200	0,033
16,7600	0,038
16,8000	0,041
16,8400	0,044
16,8800	0,046
16,9200	0,046
16,9600	0,046
17,0000	0,046
17,0400	0,046
17,0800	0,046
17,1200	0,044
17,1600	0,042
17,2000	0,041
17,2400	0,038
17,2800	0,036
17,3200	0,033
17,3600	0,030
17,4000	0,027
17,4400	0,024
17,4800	0,020
17,5200	0,016
17,5600	0,009
17,6000	0,005
17,6400	-0,002
17,6800	-0,008
17,7200	-0,014
17,7600	-0,022
17,8000	-0,030
17,8400	-0,038
17,8800	-0,046
17,9200	-0,055
17,9600	-0,064
18,0000	-0,072
18,0400	-0,082
18,0800	-0,091
18,1200	-0,101
18,1600	-0,108
18,2000	-0,118
18,2400	-0,126
18,2800	-0,134
18,3200	-0,140
18,3600	-0,148
18,4000	-0,152
18,4400	-0,159
18,4800	-0,162
18,5200	-0,167
18,5600	-0,170
18,6000	-0,171
18,6400	-0,173
18,6800	-0,174
18,7200	-0,174
18,7600	-0,174
18,8000	-0,173
18,8400	-0,173
18,8800	-0,170
18,9200	-0,168
18,9600	-0,165
19,0000	-0,162
19,0400	-0,160
19,0800	-0,157
19,1200	-0,154
19,1600	-0,149
19,2000	-0,146
19,2400	-0,143
19,2800	-0,140
19,3200	-0,135
