Angular Position, Run #44
Time ( s )	Angular Position ( rad )
0,0000	-0,306
0,0400	-0,273
0,0800	-0,237
0,1200	-0,199
0,1600	-0,160
0,2000	-0,119
0,2400	-0,080
0,2800	-0,041
0,3200	-0,003
0,3600	0,031
0,4000	0,066
0,4400	0,096
0,4800	0,123
0,5200	0,146
0,5600	0,167
0,6000	0,181
0,6400	0,192
0,6800	0,198
0,7200	0,199
0,7600	0,198
0,8000	0,192
0,8400	0,181
0,8800	0,168
0,9200	0,149
0,9600	0,129
1,0000	0,107
1,0400	0,080
1,0800	0,053
1,1200	0,025
1,1600	-0,005
1,2000	-0,035
1,2400	-0,064
1,2800	-0,094
1,3200	-0,124
1,3600	-0,152
1,4000	-0,178
1,4400	-0,203
1,4800	-0,225
1,5200	-0,245
1,5600	-0,262
1,6000	-0,278
1,6400	-0,289
1,6800	-0,297
1,7200	-0,303
1,7600	-0,305
1,8000	-0,303
1,8400	-0,298
1,8800	-0,291
1,9200	-0,281
1,9600	-0,267
2,0000	-0,253
2,0400	-0,234
2,0800	-0,215
2,1200	-0,192
2,1600	-0,170
2,2000	-0,145
2,2400	-0,118
2,2800	-0,091
2,3200	-0,066
2,3600	-0,039
2,4000	-0,013
2,4400	0,013
2,4800	0,036
2,5200	0,060
2,5600	0,080
2,6000	0,099
2,6400	0,116
2,6800	0,130
2,7200	0,141
2,7600	0,149
2,8000	0,156
2,8400	0,157
2,8800	0,156
2,9200	0,151
2,9600	0,143
3,0000	0,132
3,0400	0,118
3,0800	0,099
3,1200	0,079
3,1600	0,055
3,2000	0,030
3,2400	0,003
3,2800	-0,027
3,3200	-0,057
3,3600	-0,086
3,4000	-0,118
3,4400	-0,149
3,4800	-0,179
3,5200	-0,209
3,5600	-0,237
3,6000	-0,264
3,6400	-0,286
3,6800	-0,306
3,7200	-0,324
3,7600	-0,336
3,8000	-0,346
3,8400	-0,350
3,8800	-0,350
3,9200	-0,347
3,9600	-0,338
4,0000	-0,325
4,0400	-0,308
4,0800	-0,286
4,1200	-0,261
4,1600	-0,231
4,2000	-0,199
4,2400	-0,165
4,2800	-0,129
4,3200	-0,090
4,3600	-0,052
4,4000	-0,011
4,4400	0,027
4,4800	0,064
4,5200	0,101
4,5600	0,135
4,6000	0,167
4,6400	0,193
4,6800	0,217
4,7200	0,234
4,7600	0,248
4,8000	0,256
4,8400	0,258
4,8800	0,254
4,9200	0,245
4,9600	0,231
5,0000	0,210
5,0400	0,184
5,0800	0,154
5,1200	0,118
5,1600	0,080
5,2000	0,038
5,2400	-0,008
5,2800	-0,053
5,3200	-0,102
5,3600	-0,149
5,4000	-0,196
5,4400	-0,242
5,4800	-0,284
5,5200	-0,325
5,5600	-0,361
5,6000	-0,393
5,6400	-0,418
5,6800	-0,438
5,7200	-0,452
5,7600	-0,460
5,8000	-0,460
5,8400	-0,454
5,8800	-0,440
5,9200	-0,419
5,9600	-0,393
6,0000	-0,360
6,0400	-0,322
6,0800	-0,280
6,1200	-0,232
6,1600	-0,182
6,2000	-0,129
6,2400	-0,075
6,2800	-0,022
6,3200	0,033
6,3600	0,085
6,4000	0,135
6,4400	0,182
6,4800	0,225
6,5200	0,262
6,5600	0,294
6,6000	0,319
6,6400	0,338
6,6800	0,349
6,7200	0,352
6,7600	0,349
6,8000	0,336
6,8400	0,317
6,8800	0,291
6,9200	0,258
6,9600	0,218
7,0000	0,173
7,0400	0,123
7,0800	0,069
7,1200	0,013
7,1600	-0,046
7,2000	-0,105
7,2400	-0,165
7,2800	-0,221
7,3200	-0,278
7,3600	-0,330
7,4000	-0,377
7,4400	-0,421
7,4800	-0,457
7,5200	-0,487
7,5600	-0,509
7,6000	-0,523
7,6400	-0,528
7,6800	-0,526
7,7200	-0,515
7,7600	-0,496
7,8000	-0,470
7,8400	-0,435
7,8800	-0,396
7,9200	-0,349
7,9600	-0,297
8,0000	-0,242
8,0400	-0,182
8,0800	-0,121
8,1200	-0,060
8,1600	0,002
8,2000	0,061
8,2400	0,119
8,2800	0,174
8,3200	0,225
8,3600	0,269
8,4000	0,308
8,4400	0,339
8,4800	0,364
8,5200	0,380
8,5600	0,388
8,6000	0,388
8,6400	0,380
8,6800	0,363
8,7200	0,338
8,7600	0,305
8,8000	0,267
8,8400	0,221
8,8800	0,170
8,9200	0,116
8,9600	0,057
9,0000	-0,003
9,0400	-0,064
9,0800	-0,127
9,1200	-0,188
9,1600	-0,247
9,2000	-0,302
9,2400	-0,353
9,2800	-0,399
9,3200	-0,440
9,3600	-0,474
9,4000	-0,500
9,4400	-0,518
9,4800	-0,529
9,5200	-0,531
9,5600	-0,525
9,6000	-0,509
9,6400	-0,487
9,6800	-0,457
9,7200	-0,421
9,7600	-0,379
9,8000	-0,330
9,8400	-0,278
9,8800	-0,221
9,9200	-0,165
9,9600	-0,105
10,0000	-0,046
10,0400	0,013
10,0800	0,069
10,1200	0,124
10,1600	0,174
10,2000	0,220
10,2400	0,261
10,2800	0,294
10,3200	0,322
10,3600	0,341
10,4000	0,353
10,4400	0,358
10,4800	0,357
10,5200	0,346
10,5600	0,327
10,6000	0,302
10,6400	0,270
10,6800	0,234
10,7200	0,192
10,7600	0,145
10,8000	0,094
10,8400	0,041
10,8800	-0,014
10,9200	-0,069
10,9600	-0,124
11,0000	-0,178
11,0400	-0,229
11,0800	-0,278
11,1200	-0,322
11,1600	-0,361
11,2000	-0,397
11,2400	-0,426
11,2800	-0,448
11,3200	-0,463
11,3600	-0,473
11,4000	-0,474
11,4400	-0,468
11,4800	-0,456
11,5200	-0,437
11,5600	-0,412
11,6000	-0,382
11,6400	-0,346
11,6800	-0,306
11,7200	-0,262
11,7600	-0,215
11,8000	-0,167
11,8400	-0,118
11,8800	-0,068
11,9200	-0,019
11,9600	0,028
12,0000	0,074
12,0400	0,116
12,0800	0,156
12,1200	0,192
12,1600	0,220
12,2000	0,245
12,2400	0,264
12,2800	0,278
12,3200	0,284
12,3600	0,286
12,4000	0,280
12,4400	0,269
12,4800	0,251
12,5200	0,229
12,5600	0,203
12,6000	0,171
12,6400	0,135
12,6800	0,097
12,7200	0,057
12,7600	0,014
12,8000	-0,030
12,8400	-0,074
12,8800	-0,118
12,9200	-0,160
12,9600	-0,201
13,0000	-0,239
13,0400	-0,273
13,0800	-0,306
13,1200	-0,333
13,1600	-0,357
13,2000	-0,374
13,2400	-0,386
13,2800	-0,394
13,3200	-0,397
13,3600	-0,394
13,4000	-0,386
13,4400	-0,372
13,4800	-0,355
13,5200	-0,333
13,5600	-0,306
13,6000	-0,278
13,6400	-0,245
13,6800	-0,210
13,7200	-0,173
13,7600	-0,135
13,8000	-0,096
13,8400	-0,058
13,8800	-0,019
13,9200	0,017
13,9600	0,053
14,0000	0,086
14,0400	0,116
14,0800	0,143
14,1200	0,167
14,1600	0,185
14,2000	0,201
14,2400	0,212
14,2800	0,218
14,3200	0,220
14,3600	0,217
14,4000	0,209
14,4400	0,198
14,4800	0,181
14,5200	0,160
14,5600	0,137
14,6000	0,110
14,6400	0,080
14,6800	0,049
14,7200	0,014
14,7600	-0,020
14,8000	-0,057
14,8400	-0,091
14,8800	-0,127
14,9200	-0,162
14,9600	-0,196
15,0000	-0,228
15,0400	-0,256
15,0800	-0,283
15,1200	-0,305
15,1600	-0,324
15,2000	-0,339
15,2400	-0,350
15,2800	-0,357
15,3200	-0,360
15,3600	-0,358
15,4000	-0,352
15,4400	-0,341
15,4800	-0,325
15,5200	-0,306
15,5600	-0,284
15,6000	-0,258
15,6400	-0,229
15,6800	-0,198
15,7200	-0,165
15,7600	-0,130
15,8000	-0,094
15,8400	-0,058
15,8800	-0,022
15,9200	0,013
15,9600	0,047
16,0000	0,080
16,0400	0,110
16,0800	0,137
16,1200	0,162
16,1600	0,182
16,2000	0,198
16,2400	0,210
16,2800	0,218
16,3200	0,221
16,3600	0,220
16,4000	0,214
16,4400	0,203
16,4800	0,187
16,5200	0,168
16,5600	0,143
16,6000	0,116
16,6400	0,085
16,6800	0,050
16,7200	0,016
16,7600	-0,022
16,8000	-0,061
16,8400	-0,102
16,8800	-0,141
16,9200	-0,179
16,9600	-0,217
17,0000	-0,253
17,0400	-0,284
17,0800	-0,314
17,1200	-0,341
17,1600	-0,361
17,2000	-0,379
17,2400	-0,391
17,2800	-0,397
17,3200	-0,399
17,3600	-0,394
17,4000	-0,385
17,4400	-0,371
17,4800	-0,350
17,5200	-0,325
17,5600	-0,297
17,6000	-0,264
17,6400	-0,228
17,6800	-0,188
17,7200	-0,146
17,7600	-0,104
17,8000	-0,060
17,8400	-0,016
17,8800	0,027
17,9200	0,069
17,9600	0,108
18,0000	0,146
18,0400	0,179
18,0800	0,209
18,1200	0,234
18,1600	0,253
18,2000	0,269
18,2400	0,276
18,2800	0,280
18,3200	0,275
