t	Temperature 
t/s	T/°C

0,000	20,8
0,000	21,3
5,000	20,7
10,000	20,7
15,000	20,7
20,000	20,7
25,000	20,7
30,000	20,6
35,000	20,6
40,000	20,6
45,000	20,6
50,000	20,4
55,000	20,3
60,000	20,1
65,000	20,1
70,000	20,1
75,000	20,0
80,000	20,0
85,000	20,0
90,000	19,9
95,000	19,9
100,000	19,8
105,000	19,8
110,000	19,7
115,000	19,7
120,000	19,7
125,000	19,7
130,000	19,6
135,000	19,6
140,000	19,6
145,000	19,6
150,000	19,8
155,000	20,5
160,000	20,6
165,000	20,7
170,000	20,7
175,000	20,7
180,000	20,7
185,000	20,7
190,000	20,7
195,000	20,7
200,000	20,7
205,000	20,7
210,000	20,7
215,000	20,7
220,000	20,7
225,000	20,7
230,000	20,7
235,000	20,7
240,000	20,7
245,000	20,7
250,000	20,7
255,000	20,7
260,000	20,7
265,000	20,7
270,000	20,7
275,000	20,7
280,000	20,7
285,000	20,7
290,000	20,7
295,000	20,7
300,000	20,7
305,000	20,7
310,000	20,7
315,000	20,7
320,000	20,7
325,000	20,7
330,000	20,7
335,000	20,6
340,000	24,8
345,000	25,9
350,000	26,3
355,000	26,5
360,000	26,5
365,000	26,6
370,000	26,6
375,000	26,5
380,000	26,6
385,000	26,6
390,000	26,6
395,000	26,5
400,000	26,5
405,000	26,5
410,000	24,8
415,000	22,5
420,000	21,7
425,000	21,3
430,000	21,1
435,000	21,0
440,000	20,9
445,000	20,9
450,000	20,9
455,000	20,8
460,000	20,8
465,000	20,8
470,000	20,8
475,000	22,3
480,000	22,8
485,000	22,9
490,000	22,9
495,000	22,9
500,000	23,0
505,000	23,0
510,000	23,0
515,000	23,0
520,000	23,0
525,000	23,0
530,000	23,0
535,000	23,0
540,000	23,0
545,000	23,0
550,000	22,9
555,000	23,0
560,000	23,0
565,000	22,8
570,000	22,3
575,000	21,8
580,000	21,5
585,000	21,3
590,000	21,2
595,000	21,0
600,000	21,0
605,000	20,9
610,000	20,9
615,000	20,9
620,000	20,8
625,000	20,8
630,000	20,8
635,000	20,7
640,000	20,7
645,000	20,7
650,000	20,7
655,000	20,7
660,000	20,7
665,000	20,6
670,000	20,6
675,000	20,6
680,000	20,6
685,000	20,6
690,000	20,6
695,000	20,6
700,000	20,5
705,000	20,5
710,000	20,5
715,000	20,6
720,000	20,6
725,000	20,5
730,000	20,5
735,000	20,5
740,000	20,5
745,000	20,5
750,000	20,5
755,000	20,5
760,000	20,5
765,000	20,5
770,000	20,5
775,000	20,5
780,000	20,6
785,000	21,1
790,000	21,6
795,000	21,7
800,000	21,8
805,000	21,8
810,000	21,8
815,000	21,8
820,000	21,8
825,000	21,8
830,000	21,8
835,000	21,8
840,000	21,9
845,000	30,8
850,000	38,9
855,000	41,1
860,000	41,8
865,000	42,0
870,000	42,1
875,000	42,1
880,000	42,1
885,000	42,1
890,000	42,0
895,000	41,9
900,000	41,9
905,000	41,8
910,000	41,8
915,000	41,6
920,000	40,2
925,000	39,1
930,000	37,4
935,000	32,5
940,000	31,3
945,000	30,8
950,000	30,7
955,000	30,6
960,000	30,6
965,000	30,6
970,000	30,5
975,000	30,5
980,000	30,5
985,000	30,5
990,000	30,5
995,000	30,5
1000,000	30,5
1005,000	30,5
1010,000	30,5
1015,000	30,5
1020,000	30,4
1025,000	29,9
1030,000	29,2
1035,000	28,7
1040,000	28,4
1045,000	28,1
1050,000	27,8
1055,000	27,6
1060,000	27,3
1065,000	27,1
1070,000	26,9
1075,000	26,7
1080,000	26,5
1085,000	26,3
1090,000	26,2
1095,000	26,0
1100,000	25,8
1105,000	25,6
1110,000	25,5
1115,000	25,4
1120,000	25,3
1125,000	25,1
1130,000	25,0
1135,000	25,0
1140,000	24,9
1145,000	24,8
1150,000	24,7
1155,000	24,6
1160,000	24,5
1165,000	24,4
1170,000	24,4
1175,000	24,3
1180,000	24,2
1185,000	24,1
1190,000	24,0
1195,000	24,0
1200,000	23,9
1205,000	23,9
1210,000	23,8
1215,000	23,8
1220,000	23,7
1225,000	23,7
1230,000	23,6
1235,000	23,5
1240,000	23,5
1245,000	23,4
1250,000	23,5
1255,000	23,2
1260,000	22,7
1265,000	22,5
1270,000	22,5
1275,000	22,4
1280,000	22,4
1285,000	22,4
1290,000	22,3
1295,000	22,3
1300,000	22,3
1305,000	22,3
1310,000	22,3
1315,000	22,3
1320,000	22,3
1325,000	22,3
1330,000	22,3
1335,000	22,3
1340,000	22,2
1345,000	22,1
1350,000	35,8
1355,000	39,6
1360,000	40,8
1365,000	41,2
1370,000	41,4
1375,000	41,4
1380,000	41,4
1385,000	41,3
1390,000	39,7
1395,000	38,4
1400,000	36,4
1405,000	31,7
1410,000	30,7
1415,000	30,3
1420,000	30,2
1425,000	30,2
1430,000	30,1
1435,000	30,1
1440,000	30,1
1445,000	30,1
1450,000	30,1
1455,000	30,1
1460,000	29,4
1465,000	28,7
1470,000	28,1
1475,000	27,6
1480,000	27,1
1485,000	26,7
1490,000	26,3
1495,000	25,8
1500,000	25,4
1505,000	25,0
1510,000	24,7
1515,000	24,4
1520,000	24,1
1525,000	23,9
1530,000	23,7
1535,000	23,5
1540,000	23,3
1545,000	23,1
1550,000	23,0
1555,000	22,8
1560,000	22,6
1565,000	22,5
1570,000	22,4
1575,000	22,3
1580,000	22,1
1585,000	22,0
1590,000	22,0
1595,000	21,9
1600,000	21,8
1605,000	21,8
1610,000	21,7
1615,000	21,7
1620,000	22,2
1625,000	22,5
1630,000	22,5
1635,000	22,5
1640,000	22,5
1645,000	22,5
1650,000	22,5
1655,000	22,5
1660,000	22,5
1665,000	22,5
1670,000	22,5
1675,000	22,5
1680,000	22,5
1685,000	22,5
1690,000	22,5
1695,000	22,5
1700,000	22,5
1705,000	25,8
1710,000	35,2
1715,000	37,2
1720,000	37,9
1725,000	38,3
1730,000	38,3
1735,000	38,4
1740,000	38,5
1745,000	38,4
1750,000	38,4
1755,000	37,4
1760,000	35,9
1765,000	33,4
1770,000	29,2
1775,000	28,3
1780,000	28,0
1785,000	27,9
1790,000	27,9
1795,000	27,8
1800,000	27,8
1805,000	27,8
1810,000	27,8
1815,000	27,8
1820,000	27,8
1825,000	27,0
1830,000	26,6
1835,000	26,3
1840,000	26,1
1845,000	25,9
1850,000	25,7
1855,000	25,5
1860,000	25,3
1865,000	25,2
1870,000	25,0
1875,000	24,9
1880,000	24,7
1885,000	24,6
1890,000	24,5
1895,000	24,4
1900,000	24,2
1905,000	24,1
1910,000	24,0
1915,000	23,9
1920,000	23,8
1925,000	23,8
1930,000	23,7
1935,000	23,6
1940,000	23,5
1945,000	23,4
1950,000	23,4
1955,000	23,3
1960,000	23,3
1965,000	23,2
1970,000	23,2
1975,000	23,1
1980,000	23,0
1985,000	23,0
1990,000	22,9
1995,000	22,9
2000,000	22,8
2005,000	22,8
2010,000	22,7
2015,000	22,7
2020,000	22,6
2025,000	22,6
2030,000	22,6
2035,000	22,6
2040,000	22,6
2045,000	22,6
2050,000	22,6
2055,000	22,6
2060,000	22,6
2065,000	22,5
2070,000	22,5
2075,000	22,5
2080,000	22,5
2085,000	22,5
2090,000	22,5
2095,000	24,9
2100,000	26,4
2105,000	26,9
2110,000	27,2
2115,000	27,3
2120,000	27,3
2125,000	27,3
2130,000	27,4
2135,000	27,3
2140,000	27,3
2145,000	27,3
2150,000	27,3
2155,000	27,3
2160,000	27,3
2165,000	27,1
2170,000	52,1
2175,000	59,7
2180,000	62,4
2185,000	63,6
2190,000	64,4
2195,000	64,6
2200,000	64,4
2205,000	63,9
2210,000	61,5
2215,000	56,7
2220,000	48,6
2225,000	39,5
2230,000	37,4
2235,000	36,8
2240,000	36,6
2245,000	36,5
2250,000	36,5
2255,000	36,5
2260,000	36,5
2265,000	36,4
2270,000	36,5
2275,000	36,4
2280,000	36,4
2285,000	36,4
2290,000	36,4
2295,000	36,4
2300,000	36,4
2305,000	36,4
2310,000	36,4
2315,000	36,4
2320,000	36,4
2325,000	36,4
2330,000	36,4
2335,000	36,4
2340,000	36,4
2345,000	36,4
2350,000	36,4
2355,000	36,4
2360,000	36,4
2365,000	36,4
2370,000	36,4
2375,000	36,3
2380,000	36,3
2385,000	36,3
2390,000	36,3
2395,000	36,3
2400,000	36,3
2405,000	36,3
2410,000	35,2
2415,000	34,1
2420,000	33,3
2425,000	32,6
2430,000	31,9
2435,000	31,3
2440,000	30,7
2445,000	30,2
2450,000	29,7
2455,000	29,3
2460,000	28,9
2465,000	28,6
2470,000	28,2
2475,000	27,8
2480,000	27,4
2485,000	27,1
2490,000	26,8
2495,000	26,6
2500,000	26,3
2505,000	26,1
2510,000	25,9
2515,000	25,6
2520,000	25,5
2525,000	25,3
2530,000	25,1
2535,000	24,9
2540,000	24,8
2545,000	24,6
2550,000	24,5
2555,000	24,3
2560,000	24,2
2565,000	24,1
2570,000	23,9
2575,000	23,8
2580,000	23,7
2585,000	23,6
2590,000	23,5
2595,000	23,4
2600,000	23,3
2605,000	23,2
2610,000	23,2
2615,000	23,1
2620,000	23,0
2625,000	22,9
2630,000	22,8
2635,000	22,7
2640,000	22,6
2645,000	22,5
2650,000	22,5
2655,000	22,4
2660,000	22,3
2665,000	22,3
2670,000	22,2
2675,000	22,2
2680,000	22,1
2685,000	22,1
2690,000	22,0
2695,000	21,9
2700,000	21,8
2705,000	21,8
2710,000	21,8
2715,000	21,7
2720,000	21,7
2725,000	21,7
2730,000	21,6
2735,000	21,6
2740,000	21,5
2745,000	21,4
2750,000	21,4
2755,000	21,4
2760,000	21,3
2765,000	21,3
2770,000	21,2
2775,000	21,2
2780,000	21,1
2785,000	21,1
2790,000	21,1
2795,000	21,1
2800,000	21,0
2805,000	21,0
2810,000	21,0
2815,000	21,0
2820,000	21,0
2825,000	21,0
2830,000	21,0
2835,000	20,9
2840,000	20,9
2845,000	20,9
2850,000	20,8
2855,000	20,8
2860,000	20,8
2865,000	20,8
2870,000	20,8
2875,000	20,8
2880,000	20,7
2885,000	20,7
2890,000	20,7
2895,000	20,7
2900,000	20,7
2905,000	20,7
2910,000	20,7
2915,000	20,7
2920,000	20,7
2925,000	20,7
2930,000	20,6
2935,000	20,6
2940,000	20,6
2945,000	20,6
2950,000	20,6
2955,000	20,6
2960,000	20,6
2965,000	20,6
2970,000	20,6
2975,000	20,6
2980,000	20,6
2985,000	20,6
2990,000	20,6
2995,000	20,6
3000,000	20,6
3005,000	20,5
3010,000	20,6
3015,000	20,5
3020,000	20,5
3025,000	20,5
3030,000	20,5
3035,000	20,5
3040,000	20,5
3045,000	20,5
3050,000	20,5
3055,000	20,5
3060,000	20,5
3065,000	20,5
3070,000	20,5
3075,000	20,5
3080,000	20,5
3085,000	20,5
3090,000	20,5
3095,000	20,5
3100,000	20,5
3105,000	20,5
3110,000	20,5
3115,000	20,5
3120,000	20,5
3125,000	20,5
3130,000	20,5
3135,000	20,5
3140,000	20,5
3145,000	20,5
3150,000	20,5
3155,000	20,5
3160,000	20,5
3165,000	20,5
3170,000	20,5
3175,000	20,5
3180,000	20,5
3185,000	20,5
3190,000	20,5
3195,000	20,5
3200,000	20,4
3205,000	20,5
3210,000	20,5
3215,000	20,5
3220,000	20,5
3225,000	20,5
3230,000	20,4
3235,000	20,4
3240,000	20,5
3245,000	20,4
3250,000	20,5
3255,000	20,4
3260,000	20,4
3265,000	20,4
3270,000	20,3
3275,000	20,4
3280,000	20,4
3285,000	20,3
3290,000	20,3
3295,000	20,3
3300,000	20,3
3305,000	20,2
3310,000	20,2
3315,000	20,2
3320,000	20,2
3325,000	20,2
3330,000	20,2
3335,000	20,2
3340,000	20,2
3345,000	20,1
3350,000	12,1
3355,000	6,0
3360,000	4,4
3365,000	2,7
3370,000	2,0
3375,000	1,6
3380,000	1,5
3385,000	1,4
3390,000	1,3
3395,000	1,3
3400,000	1,2
3405,000	1,1
3410,000	1,1
3415,000	1,1
3420,000	1,0
3425,000	1,0
3430,000	1,0
3435,000	1,0
3440,000	1,0
3445,000	1,0
3450,000	0,9
3455,000	0,9
3460,000	0,9
3465,000	0,9
3470,000	0,8
3475,000	0,8
3480,000	0,7
3485,000	0,7
3490,000	0,7
3495,000	0,7
3500,000	0,7
3505,000	0,7
3510,000	0,7
3515,000	0,7
3520,000	0,8
3525,000	0,7
3530,000	0,8
3535,000	0,7
3540,000	0,8
3545,000	0,8
3550,000	0,8
3555,000	0,8
3560,000	0,7
3565,000	0,8
3570,000	0,8
3575,000	1,1
3580,000	2,2
3585,000	3,3
3590,000	4,4
3595,000	5,2
3600,000	5,9
3605,000	6,4
3610,000	6,9
3615,000	7,3
3620,000	7,7
3625,000	8,1
3630,000	8,4
3635,000	8,7
3640,000	9,0
3645,000	9,3
3650,000	9,5
3655,000	9,8
3660,000	9,9
3665,000	10,2
3670,000	10,4
3675,000	10,6
3680,000	10,7
3685,000	10,9
3690,000	11,0
3695,000	11,1
3700,000	11,3
3705,000	11,4
3710,000	11,5
3715,000	11,6
3720,000	11,7
3725,000	11,7
3730,000	11,8
3735,000	11,9
3740,000	12,0
3745,000	12,2
3750,000	12,3
3755,000	12,4
3760,000	6,0
3765,000	2,5
3770,000	1,4
3775,000	1,0
3780,000	0,8
3785,000	0,7
3790,000	0,7
3795,000	0,6
3800,000	0,6
3805,000	0,6
3810,000	0,7
3815,000	0,6
3820,000	0,7
3825,000	1,1
3830,000	1,8
3835,000	2,5
3840,000	3,1
3845,000	3,7
3850,000	4,2
3855,000	4,8
3860,000	5,4
3865,000	5,9
3870,000	6,3
3875,000	6,7
3880,000	7,1
3885,000	7,5
3890,000	7,8
3895,000	8,2
3900,000	8,5
3905,000	8,8
