Angular Position, Run #5
Time ( s )	Angular Position ( rad )
0,0000	-0,872
0,0200	-0,831
0,0400	-0,785
0,0600	-0,738
0,0800	-0,686
0,1000	-0,631
0,1200	-0,573
0,1400	-0,515
0,1600	-0,452
0,1800	-0,390
0,2000	-0,325
0,2200	-0,259
0,2400	-0,193
0,2600	-0,126
0,2800	-0,058
0,3000	0,006
0,3200	0,072
0,3400	0,137
0,3600	0,199
0,3800	0,259
0,4000	0,319
0,4200	0,374
0,4400	0,427
0,4600	0,478
0,4800	0,523
0,5000	0,567
0,5200	0,606
0,5400	0,641
0,5600	0,672
0,5800	0,697
0,6000	0,719
0,6200	0,737
0,6400	0,748
0,6600	0,756
0,6800	0,759
0,7000	0,756
0,7200	0,748
0,7400	0,735
0,7600	0,718
0,7800	0,696
0,8000	0,671
0,8200	0,639
0,8400	0,605
0,8600	0,565
0,8800	0,525
0,9000	0,479
0,9200	0,430
0,9400	0,379
0,9600	0,325
0,9800	0,269
1,0000	0,209
1,0200	0,149
1,0400	0,086
1,0600	0,024
1,0800	-0,039
1,1000	-0,105
1,1200	-0,170
1,1400	-0,232
1,1600	-0,295
1,1800	-0,358
1,2000	-0,419
1,2200	-0,478
1,2400	-0,536
1,2600	-0,591
1,2800	-0,642
1,3000	-0,691
1,3200	-0,737
1,3400	-0,779
1,3600	-0,817
1,3800	-0,850
1,4000	-0,880
1,4200	-0,905
1,4400	-0,925
1,4600	-0,941
1,4800	-0,950
1,5000	-0,957
1,5200	-0,958
1,5400	-0,955
1,5600	-0,947
1,5800	-0,933
1,6000	-0,916
1,6200	-0,894
1,6400	-0,867
1,6600	-0,837
1,6800	-0,804
1,7000	-0,765
1,7200	-0,724
1,7400	-0,679
1,7600	-0,631
1,7800	-0,581
1,8000	-0,528
1,8200	-0,473
1,8400	-0,416
1,8600	-0,358
1,8800	-0,298
1,9000	-0,239
1,9200	-0,178
1,9400	-0,116
1,9600	-0,057
1,9800	0,005
2,0000	0,064
2,0200	0,123
2,0400	0,181
2,0600	0,236
2,0800	0,289
2,1000	0,339
2,1200	0,386
2,1400	0,432
2,1600	0,474
2,1800	0,512
2,2000	0,547
2,2200	0,578
2,2400	0,606
2,2600	0,630
2,2800	0,649
2,3000	0,664
2,3200	0,674
2,3400	0,679
2,3600	0,680
2,3800	0,679
2,4000	0,671
2,4200	0,658
2,4400	0,642
2,4600	0,622
2,4800	0,597
2,5000	0,569
2,5200	0,536
2,5400	0,501
2,5600	0,463
2,5800	0,421
2,6000	0,375
2,6200	0,328
2,6400	0,278
2,6600	0,226
2,6800	0,173
2,7000	0,118
2,7200	0,061
2,7400	0,003
2,7600	-0,057
2,7800	-0,115
2,8000	-0,173
2,8200	-0,231
2,8400	-0,289
2,8600	-0,346
2,8800	-0,401
2,9000	-0,454
2,9200	-0,506
2,9400	-0,554
2,9600	-0,603
2,9800	-0,647
3,0000	-0,688
3,0200	-0,726
3,0400	-0,760
3,0600	-0,790
3,0800	-0,817
3,1000	-0,840
3,1200	-0,858
3,1400	-0,872
3,1600	-0,881
3,1800	-0,886
3,2000	-0,886
3,2200	-0,883
3,2400	-0,875
3,2600	-0,862
3,2800	-0,847
3,3000	-0,826
3,3200	-0,801
3,3400	-0,774
3,3600	-0,743
3,3800	-0,708
3,4000	-0,669
3,4200	-0,628
3,4400	-0,584
3,4600	-0,540
3,4800	-0,490
3,5000	-0,440
3,5200	-0,390
3,5400	-0,336
3,5600	-0,283
3,5800	-0,226
3,6000	-0,171
3,6200	-0,116
3,6400	-0,061
3,6600	-0,006
3,6800	0,047
3,7000	0,101
3,7200	0,151
3,7400	0,201
3,7600	0,250
3,7800	0,295
3,8000	0,339
3,8200	0,380
3,8400	0,418
3,8600	0,452
3,8800	0,484
3,9000	0,512
3,9200	0,537
3,9400	0,558
3,9600	0,575
3,9800	0,589
4,0000	0,597
4,0200	0,603
4,0400	0,603
4,0600	0,602
4,0800	0,595
4,1000	0,583
4,1200	0,569
4,1400	0,550
4,1600	0,528
4,1800	0,501
4,2000	0,471
4,2200	0,440
4,2400	0,405
4,2600	0,368
4,2800	0,327
4,3000	0,283
4,3200	0,239
4,3400	0,192
4,3600	0,143
4,3800	0,093
4,4000	0,042
4,4200	-0,011
4,4400	-0,063
4,4600	-0,116
4,4800	-0,170
4,5000	-0,221
4,5200	-0,273
4,5400	-0,325
4,5600	-0,374
4,5800	-0,423
4,6000	-0,470
4,6200	-0,515
4,6400	-0,556
4,6600	-0,597
4,6800	-0,635
4,7000	-0,668
4,7200	-0,699
4,7400	-0,726
4,7600	-0,749
4,7800	-0,770
4,8000	-0,787
4,8200	-0,798
4,8400	-0,807
4,8600	-0,812
4,8800	-0,812
4,9000	-0,809
4,9200	-0,801
4,9400	-0,792
4,9600	-0,776
4,9800	-0,757
5,0000	-0,735
5,0200	-0,710
5,0400	-0,683
5,0600	-0,652
5,0800	-0,617
5,1000	-0,580
5,1200	-0,540
5,1400	-0,500
5,1600	-0,456
5,1800	-0,410
5,2000	-0,364
5,2200	-0,316
5,2400	-0,267
5,2600	-0,217
5,2800	-0,167
5,3000	-0,116
5,3200	-0,068
5,3400	-0,017
5,3600	0,031
5,3800	0,080
5,4000	0,126
5,4200	0,171
5,4400	0,214
5,4600	0,256
5,4800	0,295
5,5000	0,331
5,5200	0,366
5,5400	0,397
5,5600	0,427
5,5800	0,452
5,6000	0,474
5,6200	0,493
5,6400	0,509
5,6600	0,520
5,6800	0,528
5,7000	0,534
5,7200	0,534
5,7400	0,533
5,7600	0,526
5,7800	0,515
5,8000	0,503
5,8200	0,485
5,8400	0,465
5,8600	0,441
5,8800	0,415
5,9000	0,386
5,9200	0,355
5,9400	0,320
5,9600	0,283
5,9800	0,245
6,0000	0,204
6,0200	0,162
6,0400	0,118
6,0600	0,072
6,0800	0,025
6,1000	-0,020
6,1200	-0,069
6,1400	-0,116
6,1600	-0,165
6,1800	-0,212
6,2000	-0,259
6,2200	-0,305
6,2400	-0,350
6,2600	-0,394
6,2800	-0,437
6,3000	-0,478
6,3200	-0,515
6,3400	-0,551
6,3600	-0,584
6,3800	-0,616
6,4000	-0,642
6,4200	-0,668
6,4400	-0,691
6,4600	-0,708
6,4800	-0,723
6,5000	-0,735
6,5200	-0,743
6,5400	-0,746
6,5600	-0,748
6,5800	-0,745
6,6000	-0,738
6,6200	-0,729
6,6400	-0,716
6,6600	-0,699
6,6800	-0,679
6,7000	-0,657
6,7200	-0,631
6,7400	-0,603
6,7600	-0,573
6,7800	-0,540
6,8000	-0,504
6,8200	-0,467
6,8400	-0,427
6,8600	-0,388
6,8800	-0,346
6,9000	-0,302
6,9200	-0,258
6,9400	-0,214
6,9600	-0,168
6,9800	-0,123
7,0000	-0,079
7,0200	-0,033
7,0400	0,011
7,0600	0,053
7,0800	0,096
7,1000	0,137
7,1200	0,176
7,1400	0,214
7,1600	0,248
7,1800	0,283
7,2000	0,313
7,2200	0,342
7,2400	0,368
7,2600	0,391
7,2800	0,412
7,3000	0,429
7,3200	0,443
7,3400	0,454
7,3600	0,462
7,3800	0,465
7,4000	0,467
7,4200	0,465
7,4400	0,460
7,4600	0,451
7,4800	0,440
7,5000	0,426
7,5200	0,407
7,5400	0,386
7,5600	0,363
7,5800	0,336
7,6000	0,308
7,6200	0,276
7,6400	0,245
7,6600	0,210
7,6800	0,174
7,7000	0,137
7,7200	0,096
7,7400	0,055
7,7600	0,014
7,7800	-0,028
7,8000	-0,071
7,8200	-0,113
7,8400	-0,157
7,8600	-0,199
7,8800	-0,240
7,9000	-0,283
7,9200	-0,322
7,9400	-0,363
7,9600	-0,401
7,9800	-0,435
8,0000	-0,471
8,0200	-0,503
8,0400	-0,533
8,0600	-0,561
8,0800	-0,586
8,1000	-0,608
8,1200	-0,628
8,1400	-0,644
8,1600	-0,657
8,1800	-0,668
8,2000	-0,674
8,2200	-0,679
8,2400	-0,679
8,2600	-0,679
8,2800	-0,672
8,3000	-0,664
8,3200	-0,652
8,3400	-0,638
8,3600	-0,620
8,3800	-0,602
8,4000	-0,578
8,4200	-0,553
8,4400	-0,526
8,4600	-0,496
8,4800	-0,467
8,5000	-0,434
8,5200	-0,397
8,5400	-0,363
8,5600	-0,325
8,5800	-0,286
8,6000	-0,247
8,6200	-0,207
8,6400	-0,168
8,6600	-0,127
8,6800	-0,088
8,7000	-0,049
8,7200	-0,009
8,7400	0,030
8,7600	0,066
8,7800	0,102
8,8000	0,138
8,8200	0,170
8,8400	0,201
8,8600	0,232
8,8800	0,259
8,9000	0,284
8,9200	0,308
8,9400	0,328
8,9600	0,346
8,9800	0,363
9,0000	0,375
9,0200	0,385
9,0400	0,391
9,0600	0,396
9,0800	0,397
9,1000	0,396
9,1200	0,391
9,1400	0,383
9,1600	0,374
9,1800	0,361
9,2000	0,346
9,2200	0,327
9,2400	0,306
9,2600	0,284
9,2800	0,259
9,3000	0,232
9,3200	0,203
9,3400	0,174
9,3600	0,141
9,3800	0,107
9,4000	0,074
9,4200	0,038
9,4400	0,000
9,4600	-0,036
9,4800	-0,074
9,5000	-0,112
9,5200	-0,149
9,5400	-0,187
9,5600	-0,225
9,5800	-0,259
9,6000	-0,295
9,6200	-0,331
9,6400	-0,364
9,6600	-0,396
9,6800	-0,427
9,7000	-0,456
9,7200	-0,482
9,7400	-0,507
9,7600	-0,529
9,7800	-0,548
9,8000	-0,567
9,8200	-0,581
9,8400	-0,592
9,8600	-0,603
9,8800	-0,609
9,9000	-0,613
9,9200	-0,614
9,9400	-0,613
9,9600	-0,608
9,9800	-0,600
10,0000	-0,591
10,0200	-0,578
10,0400	-0,564
10,0600	-0,547
10,0800	-0,526
10,1000	-0,504
10,1200	-0,481
10,1400	-0,454
10,1600	-0,427
10,1800	-0,397
10,2000	-0,368
10,2200	-0,336
10,2400	-0,303
10,2600	-0,270
10,2800	-0,236
10,3000	-0,201
10,3200	-0,165
