Angular Position, Run #3
Time ( s )	Angular Position ( rad )
0,0000	-0,851
0,0200	-0,837
0,0400	-0,818
0,0600	-0,795
0,0800	-0,767
0,1000	-0,734
0,1200	-0,697
0,1400	-0,657
0,1600	-0,613
0,1800	-0,565
0,2000	-0,514
0,2200	-0,460
0,2400	-0,404
0,2600	-0,344
0,2800	-0,284
0,3000	-0,221
0,3200	-0,157
0,3400	-0,093
0,3600	-0,028
0,3800	0,038
0,4000	0,104
0,4200	0,168
0,4400	0,232
0,4600	0,295
0,4800	0,357
0,5000	0,416
0,5200	0,473
0,5400	0,528
0,5600	0,580
0,5800	0,628
0,6000	0,674
0,6200	0,716
0,6400	0,754
0,6600	0,787
0,6800	0,817
0,7000	0,842
0,7200	0,864
0,7400	0,880
0,7600	0,891
0,7800	0,897
0,8000	0,898
0,8200	0,897
0,8400	0,889
0,8600	0,877
0,8800	0,859
0,9000	0,839
0,9200	0,812
0,9400	0,782
0,9600	0,749
0,9800	0,712
1,0000	0,671
1,0200	0,627
1,0400	0,580
1,0600	0,529
1,0800	0,476
1,1000	0,423
1,1200	0,366
1,1400	0,306
1,1600	0,247
1,1800	0,185
1,2000	0,123
1,2200	0,061
1,2400	-0,002
1,2600	-0,063
1,2800	-0,124
1,3000	-0,185
1,3200	-0,243
1,3400	-0,300
1,3600	-0,357
1,3800	-0,410
1,4000	-0,460
1,4200	-0,507
1,4400	-0,551
1,4600	-0,594
1,4800	-0,630
1,5000	-0,663
1,5200	-0,693
1,5400	-0,718
1,5600	-0,738
1,5800	-0,752
1,6000	-0,765
1,6200	-0,771
1,6400	-0,773
1,6600	-0,770
1,6800	-0,763
1,7000	-0,751
1,7200	-0,735
1,7400	-0,715
1,7600	-0,690
1,7800	-0,661
1,8000	-0,628
1,8200	-0,594
1,8400	-0,553
1,8600	-0,511
1,8800	-0,463
1,9000	-0,416
1,9200	-0,364
1,9400	-0,313
1,9600	-0,258
1,9800	-0,201
2,0000	-0,143
2,0200	-0,085
2,0400	-0,027
2,0600	0,033
2,0800	0,093
2,1000	0,151
2,1200	0,209
2,1400	0,265
2,1600	0,322
2,1800	0,375
2,2000	0,427
2,2200	0,476
2,2400	0,523
2,2600	0,567
2,2800	0,608
2,3000	0,646
2,3200	0,680
2,3400	0,712
2,3600	0,738
2,3800	0,762
2,4000	0,781
2,4200	0,795
2,4400	0,806
2,4600	0,812
2,4800	0,814
2,5000	0,812
2,5200	0,806
2,5400	0,793
2,5600	0,779
2,5800	0,759
2,6000	0,737
2,6200	0,708
2,6400	0,679
2,6600	0,644
2,6800	0,608
2,7000	0,569
2,7200	0,525
2,7400	0,481
2,7600	0,432
2,7800	0,383
2,8000	0,331
2,8200	0,278
2,8400	0,225
2,8600	0,168
2,8800	0,113
2,9000	0,058
2,9200	0,002
2,9400	-0,055
2,9600	-0,110
2,9800	-0,165
3,0000	-0,218
3,0200	-0,269
3,0400	-0,319
3,0600	-0,368
3,0800	-0,413
3,1000	-0,456
3,1200	-0,496
3,1400	-0,533
3,1600	-0,567
3,1800	-0,597
3,2000	-0,624
3,2200	-0,646
3,2400	-0,664
3,2600	-0,679
3,2800	-0,688
3,3000	-0,694
3,3200	-0,696
3,3400	-0,694
3,3600	-0,688
3,3800	-0,675
3,4000	-0,661
3,4200	-0,644
3,4400	-0,620
3,4600	-0,595
3,4800	-0,567
3,5000	-0,534
3,5200	-0,498
3,5400	-0,460
3,5600	-0,418
3,5800	-0,375
3,6000	-0,330
3,6200	-0,281
3,6400	-0,231
3,6600	-0,181
3,6800	-0,129
3,7000	-0,077
3,7200	-0,024
3,7400	0,030
3,7600	0,083
3,7800	0,135
3,8000	0,187
3,8200	0,239
3,8400	0,289
3,8600	0,336
3,8800	0,383
3,9000	0,427
3,9200	0,470
3,9400	0,511
3,9600	0,547
3,9800	0,581
4,0000	0,613
4,0200	0,639
4,0400	0,664
4,0600	0,685
4,0800	0,702
4,1000	0,716
4,1200	0,726
4,1400	0,732
4,1600	0,732
4,1800	0,732
4,2000	0,726
4,2200	0,716
4,2400	0,702
4,2600	0,686
4,2800	0,664
4,3000	0,641
4,3200	0,614
4,3400	0,584
4,3600	0,550
4,3800	0,515
4,4000	0,478
4,4200	0,437
4,4400	0,394
4,4600	0,349
4,4800	0,303
4,5000	0,256
4,5200	0,207
4,5400	0,159
4,5600	0,108
4,5800	0,058
4,6000	0,008
4,6200	-0,042
4,6400	-0,091
4,6600	-0,141
4,6800	-0,188
4,7000	-0,236
4,7200	-0,280
4,7400	-0,324
4,7600	-0,363
4,7800	-0,402
4,8000	-0,438
4,8200	-0,471
4,8400	-0,501
4,8600	-0,529
4,8800	-0,551
4,9000	-0,573
4,9200	-0,589
4,9400	-0,602
4,9600	-0,613
4,9800	-0,617
5,0000	-0,619
5,0200	-0,617
5,0400	-0,613
5,0600	-0,602
5,0800	-0,589
5,1000	-0,573
5,1200	-0,553
5,1400	-0,531
5,1600	-0,504
5,1800	-0,476
5,2000	-0,445
5,2200	-0,410
5,2400	-0,374
5,2600	-0,335
5,2800	-0,294
5,3000	-0,250
5,3200	-0,206
5,3400	-0,162
5,3600	-0,116
5,3800	-0,068
5,4000	-0,022
5,4200	0,027
5,4400	0,074
5,4600	0,121
5,4800	0,167
5,5000	0,212
5,5200	0,258
5,5400	0,300
5,5600	0,341
5,5800	0,380
5,6000	0,418
5,6200	0,454
5,6400	0,487
5,6600	0,518
5,6800	0,545
5,7000	0,570
5,7200	0,592
5,7400	0,611
5,7600	0,627
5,7800	0,638
5,8000	0,647
5,8200	0,652
5,8400	0,655
5,8600	0,653
5,8800	0,649
5,9000	0,639
5,9200	0,628
5,9400	0,613
5,9600	0,595
5,9800	0,573
6,0000	0,550
6,0200	0,523
6,0400	0,493
6,0600	0,462
6,0800	0,429
6,1000	0,393
6,1200	0,355
6,1400	0,316
6,1600	0,273
6,1800	0,232
6,2000	0,190
6,2200	0,146
6,2400	0,101
6,2600	0,057
6,2800	0,011
6,3000	-0,033
6,3200	-0,077
6,3400	-0,121
6,3600	-0,162
6,3800	-0,204
6,4000	-0,243
6,4200	-0,281
6,4400	-0,319
6,4600	-0,353
6,4800	-0,385
6,5000	-0,413
6,5200	-0,441
6,5400	-0,465
6,5600	-0,487
6,5800	-0,506
6,6000	-0,520
6,6200	-0,531
6,6400	-0,539
6,6600	-0,545
6,6800	-0,547
6,7000	-0,545
6,7200	-0,540
6,7400	-0,533
6,7600	-0,522
6,7800	-0,507
6,8000	-0,490
6,8200	-0,470
6,8400	-0,446
6,8600	-0,421
6,8800	-0,393
6,9000	-0,363
6,9200	-0,330
6,9400	-0,297
6,9600	-0,261
6,9800	-0,223
7,0000	-0,184
7,0200	-0,143
7,0400	-0,102
7,0600	-0,061
7,0800	-0,019
7,1000	0,022
7,1200	0,064
7,1400	0,107
7,1600	0,148
7,1800	0,187
7,2000	0,228
7,2200	0,265
7,2400	0,302
7,2600	0,336
7,2800	0,371
7,3000	0,402
7,3200	0,430
7,3400	0,459
7,3600	0,482
7,3800	0,504
7,4000	0,525
7,4200	0,542
7,4400	0,554
7,4600	0,565
7,4800	0,573
7,5000	0,578
7,5200	0,581
7,5400	0,580
7,5600	0,575
7,5800	0,569
7,6000	0,558
7,6200	0,545
7,6400	0,529
7,6600	0,512
7,6800	0,492
7,7000	0,468
7,7200	0,443
7,7400	0,415
7,7600	0,386
7,7800	0,355
7,8000	0,322
7,8200	0,286
7,8400	0,251
7,8600	0,215
7,8800	0,178
7,9000	0,138
7,9200	0,099
7,9400	0,060
7,9600	0,020
7,9800	-0,017
8,0000	-0,057
8,0200	-0,096
8,0400	-0,132
8,0600	-0,168
8,0800	-0,204
8,1000	-0,237
8,1200	-0,269
8,1400	-0,300
8,1600	-0,328
8,1800	-0,355
8,2000	-0,379
8,2200	-0,401
8,2400	-0,419
8,2600	-0,437
8,2800	-0,449
8,3000	-0,462
8,3200	-0,470
8,3400	-0,474
8,3600	-0,476
8,3800	-0,476
8,4000	-0,473
8,4200	-0,467
8,4400	-0,457
8,4600	-0,445
8,4800	-0,430
8,5000	-0,413
8,5200	-0,394
8,5400	-0,372
8,5600	-0,349
8,5800	-0,322
8,6000	-0,294
8,6200	-0,264
8,6400	-0,232
8,6600	-0,199
8,6800	-0,165
8,7000	-0,129
8,7200	-0,093
8,7400	-0,057
8,7600	-0,020
8,7800	0,016
8,8000	0,053
8,8200	0,091
8,8400	0,127
8,8600	0,162
8,8800	0,198
8,9000	0,231
8,9200	0,264
8,9400	0,295
8,9600	0,324
8,9800	0,352
9,0000	0,379
9,0200	0,402
9,0400	0,424
9,0600	0,443
9,0800	0,462
9,1000	0,476
9,1200	0,489
9,1400	0,500
9,1600	0,506
9,1800	0,511
9,2000	0,512
9,2200	0,512
9,2400	0,511
9,2600	0,504
9,2800	0,495
9,3000	0,485
9,3200	0,471
9,3400	0,456
9,3600	0,438
9,3800	0,418
9,4000	0,397
9,4200	0,372
9,4400	0,347
9,4600	0,320
9,4800	0,292
9,5000	0,261
9,5200	0,231
9,5400	0,198
9,5600	0,167
9,5800	0,134
9,6000	0,097
9,6200	0,064
9,6400	0,030
9,6600	-0,003
9,6800	-0,038
9,7000	-0,071
9,7200	-0,104
9,7400	-0,135
9,7600	-0,167
9,7800	-0,196
9,8000	-0,225
9,8200	-0,250
9,8400	-0,275
9,8600	-0,298
9,8800	-0,320
9,9000	-0,339
9,9200	-0,357
9,9400	-0,372
9,9600	-0,385
9,9800	-0,394
10,0000	-0,402
10,0200	-0,407
10,0400	-0,410
10,0600	-0,410
10,0800	-0,407
10,1000	-0,402
10,1200	-0,394
10,1400	-0,385
10,1600	-0,374
10,1800	-0,358
10,2000	-0,342
10,2200	-0,324
10,2400	-0,303
10,2600	-0,280
10,2800	-0,256
10,3000	-0,229
10,3200	-0,203
10,3400	-0,174
10,3600	-0,145
10,3800	-0,115
10,4000	-0,083
10,4200	-0,052
10,4400	-0,019
10,4600	0,013
10,4800	0,046
10,5000	0,077
10,5200	0,108
10,5400	0,140
10,5600	0,170
10,5800	0,199
10,6000	0,228
10,6200	0,254
10,6400	0,281
10,6600	0,305
10,6800	0,328
10,7000	0,349
10,7200	0,368
10,7400	0,386
10,7600	0,402
10,7800	0,415
10,8000	0,426
10,8200	0,435
10,8400	0,441
10,8600	0,446
10,8800	0,448
10,9000	0,449
10,9200	0,446
10,9400	0,441
10,9600	0,435
10,9800	0,426
11,0000	0,415
11,0200	0,401
11,0400	0,386
11,0600	0,369
11,0800	0,350
11,1000	0,330
11,1200	0,309
11,1400	0,286
11,1600	0,261
11,1800	0,236
11,2000	0,209
11,2200	0,181
11,2400	0,154
11,2600	0,124
11,2800	0,096
11,3000	0,066
11,3200	0,036
11,3400	0,008
11,3600	-0,022
11,3800	-0,052
11,4000	-0,080
11,4200	-0,107
11,4400	-0,134
11,4600	-0,160
11,4800	-0,184
11,5000	-0,207
11,5200	-0,229
11,5400	-0,250
11,5600	-0,269
11,5800	-0,286
11,6000	-0,300
11,6200	-0,313
11,6400	-0,324
11,6600	-0,333
11,6800	-0,341
11,7000	-0,344
11,7200	-0,347
11,7400	-0,349
11,7600	-0,347
11,7800	-0,342
11,8000	-0,336
11,8200	-0,328
11,8400	-0,319
11,8600	-0,306
11,8800	-0,292
11,9000	-0,276
11,9200	-0,259
11,9400	-0,240
11,9600	-0,218
11,9800	-0,198
12,0000	-0,173
12,0200	-0,149
12,0400	-0,124
12,0600	-0,097
12,0800	-0,071
12,1000	-0,042
12,1200	-0,016
12,1400	0,013
12,1600	0,039
12,1800	0,068
12,2000	0,094
12,2200	0,121
12,2400	0,148
12,2600	0,173
12,2800	0,198
12,3000	0,221
12,3200	0,243
12,3400	0,265
12,3600	0,284
12,3800	0,303
12,4000	0,319
12,4200	0,335
12,4400	0,347
12,4600	0,360
12,4800	0,369
12,5000	0,377
12,5200	0,382
12,5400	0,386
12,5600	0,388
12,5800	0,388
12,6000	0,386
12,6200	0,383
12,6400	0,377
12,6600	0,369
12,6800	0,360
12,7000	0,349
12,7200	0,336
12,7400	0,322
12,7600	0,306
12,7800	0,289
12,8000	0,270
12,8200	0,250
12,8400	0,229
12,8600	0,209
12,8800	0,185
12,9000	0,162
12,9200	0,138
12,9400	0,115
12,9600	0,090
12,9800	0,064
13,0000	0,039
13,0200	0,014
13,0400	-0,011
13,0600	-0,035
13,0800	-0,060
13,1000	-0,083
13,1200	-0,105
13,1400	-0,127
13,1600	-0,148
13,1800	-0,168
13,2000	-0,187
13,2200	-0,204
13,2400	-0,220
13,2600	-0,236
13,2800	-0,248
13,3000	-0,259
13,3200	-0,269
13,3400	-0,276
13,3600	-0,283
13,3800	-0,286
13,4000	-0,289
13,4200	-0,289
13,4400	-0,289
13,4600	-0,286
13,4800	-0,281
13,5000	-0,275
13,5200	-0,267
13,5400	-0,256
13,5600	-0,243
13,5800	-0,231
13,6000	-0,217
13,6200	-0,199
13,6400	-0,184
13,6600	-0,165
13,6800	-0,145
13,7000	-0,124
13,7200	-0,104
13,7400	-0,080
13,7600	-0,058
13,7800	-0,035
13,8000	-0,011
13,8200	0,013
13,8400	0,035
13,8600	0,060
13,8800	0,082
13,9000	0,104
13,9200	0,127
13,9400	0,148
13,9600	0,170
13,9800	0,190
14,0000	0,209
14,0200	0,226
14,0400	0,243
14,0600	0,259
14,0800	0,273
14,1000	0,286
14,1200	0,297
14,1400	0,308
14,1600	0,316
14,1800	0,322
14,2000	0,327
14,2200	0,330
14,2400	0,331
14,2600	0,331
14,2800	0,331
14,3000	0,328
14,3200	0,324
14,3400	0,316
14,3600	0,309
14,3800	0,298
14,4000	0,287
14,4200	0,276
14,4400	0,262
14,4600	0,248
14,4800	0,234
14,5000	0,217
14,5200	0,199
14,5400	0,181
14,5600	0,162
14,5800	0,143
14,6000	0,123
14,6200	0,102
14,6400	0,082
14,6600	0,061
14,6800	0,039
14,7000	0,019
14,7200	-0,002
14,7400	-0,022
