Angular Position, Run #4
Time ( s )	Angular Position ( rad )
0,0000	-0,886
0,0200	-0,861
0,0400	-0,829
0,0600	-0,795
0,0800	-0,757
0,1000	-0,715
0,1200	-0,668
0,1400	-0,619
0,1600	-0,567
0,1800	-0,511
0,2000	-0,454
0,2200	-0,394
0,2400	-0,333
0,2600	-0,270
0,2800	-0,207
0,3000	-0,143
0,3200	-0,079
0,3400	-0,014
0,3600	0,050
0,3800	0,113
0,4000	0,174
0,4200	0,234
0,4400	0,294
0,4600	0,350
0,4800	0,404
0,5000	0,454
0,5200	0,503
0,5400	0,547
0,5600	0,589
0,5800	0,627
0,6000	0,661
0,6200	0,691
0,6400	0,718
0,6600	0,740
0,6800	0,757
0,7000	0,771
0,7200	0,779
0,7400	0,784
0,7600	0,785
0,7800	0,781
0,8000	0,771
0,8200	0,759
0,8400	0,741
0,8600	0,721
0,8800	0,697
0,9000	0,668
0,9200	0,636
0,9400	0,603
0,9600	0,565
0,9800	0,526
1,0000	0,482
1,0200	0,438
1,0400	0,391
1,0600	0,342
1,0800	0,292
1,1000	0,240
1,1200	0,188
1,1400	0,137
1,1600	0,083
1,1800	0,030
1,2000	-0,022
1,2200	-0,074
1,2400	-0,126
1,2600	-0,176
1,2800	-0,225
1,3000	-0,272
1,3200	-0,316
1,3400	-0,360
1,3600	-0,401
1,3800	-0,438
1,4000	-0,474
1,4200	-0,507
1,4400	-0,536
1,4600	-0,562
1,4800	-0,584
1,5000	-0,603
1,5200	-0,619
1,5400	-0,631
1,5600	-0,639
1,5800	-0,642
1,6000	-0,644
1,6200	-0,641
1,6400	-0,635
1,6600	-0,624
1,6800	-0,611
1,7000	-0,594
1,7200	-0,573
1,7400	-0,551
1,7600	-0,525
1,7800	-0,496
1,8000	-0,465
1,8200	-0,432
1,8400	-0,396
1,8600	-0,358
1,8800	-0,320
1,9000	-0,278
1,9200	-0,237
1,9400	-0,195
1,9600	-0,151
1,9800	-0,107
2,0000	-0,063
2,0200	-0,019
2,0400	0,025
2,0600	0,069
2,0800	0,112
2,1000	0,152
2,1200	0,193
2,1400	0,231
2,1600	0,269
2,1800	0,302
2,2000	0,335
2,2200	0,366
2,2400	0,394
2,2600	0,419
2,2800	0,443
2,3000	0,463
2,3200	0,482
2,3400	0,496
2,3600	0,509
2,3800	0,517
2,4000	0,523
2,4200	0,526
2,4400	0,528
2,4600	0,525
2,4800	0,520
2,5000	0,511
2,5200	0,500
2,5400	0,485
2,5600	0,470
2,5800	0,452
2,6000	0,432
2,6200	0,408
2,6400	0,383
2,6600	0,358
2,6800	0,330
2,7000	0,300
2,7200	0,270
2,7400	0,237
2,7600	0,206
2,7800	0,171
2,8000	0,137
2,8200	0,102
2,8400	0,068
2,8600	0,031
2,8800	-0,002
2,9000	-0,038
2,9200	-0,071
2,9400	-0,104
2,9600	-0,137
2,9800	-0,168
3,0000	-0,198
3,0200	-0,226
3,0400	-0,253
3,0600	-0,280
3,0800	-0,303
3,1000	-0,327
3,1200	-0,346
3,1400	-0,364
3,1600	-0,379
3,1800	-0,393
3,2000	-0,404
3,2200	-0,413
3,2400	-0,419
3,2600	-0,423
3,2800	-0,424
3,3000	-0,424
3,3200	-0,421
3,3400	-0,415
3,3600	-0,407
3,3800	-0,397
3,4000	-0,385
3,4200	-0,371
3,4400	-0,353
3,4600	-0,336
3,4800	-0,316
3,5000	-0,295
3,5200	-0,272
3,5400	-0,248
3,5600	-0,221
3,5800	-0,196
3,6000	-0,170
3,6200	-0,141
3,6400	-0,113
3,6600	-0,083
3,6800	-0,055
3,7000	-0,027
3,7200	0,003
3,7400	0,031
3,7600	0,058
3,7800	0,086
3,8000	0,112
3,8200	0,137
3,8400	0,162
3,8600	0,184
3,8800	0,206
3,9000	0,226
3,9200	0,245
3,9400	0,262
3,9600	0,278
3,9800	0,291
4,0000	0,303
4,0200	0,313
4,0400	0,320
4,0600	0,327
4,0800	0,331
4,1000	0,333
4,1200	0,335
4,1400	0,333
4,1600	0,331
4,1800	0,325
4,2000	0,319
4,2200	0,311
4,2400	0,302
4,2600	0,291
4,2800	0,278
4,3000	0,264
4,3200	0,250
4,3400	0,232
4,3600	0,215
4,3800	0,198
4,4000	0,179
4,4200	0,159
4,4400	0,138
4,4600	0,119
4,4800	0,099
4,5000	0,077
4,5200	0,055
4,5400	0,035
4,5600	0,013
4,5800	-0,008
4,6000	-0,030
4,6200	-0,050
4,6400	-0,069
4,6600	-0,088
4,6800	-0,107
4,7000	-0,126
4,7200	-0,141
4,7400	-0,157
4,7600	-0,173
4,7800	-0,187
4,8000	-0,199
4,8200	-0,210
4,8400	-0,220
4,8600	-0,229
4,8800	-0,237
4,9000	-0,242
4,9200	-0,247
4,9400	-0,250
4,9600	-0,251
4,9800	-0,251
5,0000	-0,251
5,0200	-0,248
5,0400	-0,245
5,0600	-0,239
5,0800	-0,232
5,1000	-0,225
5,1200	-0,215
5,1400	-0,206
5,1600	-0,195
5,1800	-0,182
5,2000	-0,170
5,2200	-0,156
5,2400	-0,140
5,2600	-0,126
5,2800	-0,108
5,3000	-0,094
5,3200	-0,077
5,3400	-0,060
5,3600	-0,044
5,3800	-0,027
5,4000	-0,009
5,4200	0,006
5,4400	0,024
5,4600	0,039
5,4800	0,055
5,5000	0,069
5,5200	0,085
5,5400	0,099
5,5600	0,112
5,5800	0,124
5,6000	0,134
5,6200	0,145
5,6400	0,154
5,6600	0,162
5,6800	0,170
5,7000	0,176
5,7200	0,181
5,7400	0,184
5,7600	0,187
5,7800	0,188
5,8000	0,188
5,8200	0,188
5,8400	0,187
5,8600	0,184
5,8800	0,181
5,9000	0,176
5,9200	0,170
5,9400	0,165
5,9600	0,157
5,9800	0,151
6,0000	0,143
6,0200	0,134
6,0400	0,124
6,0600	0,115
6,0800	0,105
6,1000	0,094
6,1200	0,083
6,1400	0,072
6,1600	0,061
6,1800	0,049
6,2000	0,038
6,2200	0,025
6,2400	0,014
6,2600	0,003
6,2800	-0,008
6,3000	-0,020
6,3200	-0,031
6,3400	-0,041
6,3600	-0,052
6,3800	-0,061
6,4000	-0,071
6,4200	-0,079
6,4400	-0,086
6,4600	-0,094
6,4800	-0,101
6,5000	-0,107
6,5200	-0,113
6,5400	-0,118
6,5600	-0,121
6,5800	-0,126
6,6000	-0,127
6,6200	-0,129
6,6400	-0,130
6,6600	-0,130
6,6800	-0,130
6,7000	-0,129
6,7200	-0,126
6,7400	-0,124
6,7600	-0,119
6,7800	-0,116
6,8000	-0,112
6,8200	-0,107
6,8400	-0,101
6,8600	-0,094
6,8800	-0,088
6,9000	-0,082
6,9200	-0,074
6,9400	-0,066
6,9600	-0,058
6,9800	-0,050
7,0000	-0,041
7,0200	-0,033
7,0400	-0,025
7,0600	-0,016
7,0800	-0,008
7,1000	0,000
7,1200	0,008
7,1400	0,017
7,1600	0,024
7,1800	0,031
7,2000	0,038
7,2200	0,044
7,2400	0,050
7,2600	0,057
7,2800	0,063
7,3000	0,068
7,3200	0,072
7,3400	0,075
7,3600	0,080
7,3800	0,082
7,4000	0,085
7,4200	0,086
7,4400	0,088
7,4600	0,088
7,4800	0,088
7,5000	0,088
7,5200	0,088
7,5400	0,086
7,5600	0,085
7,5800	0,082
7,6000	0,080
7,6200	0,077
7,6400	0,074
7,6600	0,069
7,6800	0,068
7,7000	0,063
7,7200	0,058
7,7400	0,053
7,7600	0,049
7,7800	0,044
7,8000	0,038
7,8200	0,033
7,8400	0,028
7,8600	0,024
7,8800	0,017
7,9000	0,013
7,9200	0,006
7,9400	0,002
7,9600	-0,005
7,9800	-0,009
8,0000	-0,014
8,0200	-0,019
8,0400	-0,024
8,0600	-0,027
8,0800	-0,031
8,1000	-0,036
8,1200	-0,039
8,1400	-0,042
8,1600	-0,044
8,1800	-0,047
8,2000	-0,050
8,2200	-0,052
8,2400	-0,052
8,2600	-0,053
8,2800	-0,055
8,3000	-0,055
8,3200	-0,055
8,3400	-0,055
8,3600	-0,055
8,3800	-0,055
8,4000	-0,053
8,4200	-0,052
8,4400	-0,050
8,4600	-0,049
8,4800	-0,047
8,5000	-0,044
8,5200	-0,042
8,5400	-0,039
8,5600	-0,038
8,5800	-0,035
8,6000	-0,031
8,6200	-0,028
8,6400	-0,025
8,6600	-0,022
8,6800	-0,019
8,7000	-0,016
8,7200	-0,013
8,7400	-0,009
8,7600	-0,006
8,7800	-0,003
8,8000	-0,002
8,8200	0,002
8,8400	0,005
8,8600	0,006
8,8800	0,009
8,9000	0,013
8,9200	0,014
8,9400	0,016
8,9600	0,017
8,9800	0,019
9,0000	0,020
9,0200	0,022
9,0400	0,024
9,0600	0,024
9,0800	0,024
9,1000	0,025
9,1200	0,025
9,1400	0,025
9,1600	0,025
9,1800	0,025
9,2000	0,025
9,2200	0,024
9,2400	0,024
9,2600	0,024
9,2800	0,022
9,3000	0,020
9,3200	0,020
9,3400	0,019
9,3600	0,019
9,3800	0,017
9,4000	0,017
9,4200	0,016
9,4400	0,014
9,4600	0,013
9,4800	0,013
9,5000	0,011
9,5200	0,009
9,5400	0,008
9,5600	0,006
9,5800	0,006
9,6000	0,005
9,6200	0,003
9,6400	0,002
9,6600	0,002
9,6800	0,000
9,7000	0,000
9,7200	-0,002
9,7400	-0,002
9,7600	-0,003
9,7800	-0,005
9,8000	-0,005
9,8200	-0,006
9,8400	-0,006
9,8600	-0,006
9,8800	-0,006
9,9000	-0,006
9,9200	-0,006
9,9400	-0,006
9,9600	-0,008
9,9800	-0,008
10,0000	-0,008
10,0200	-0,008
10,0400	-0,008
10,0600	-0,008
10,0800	-0,008
10,1000	-0,008
10,1200	-0,008
10,1400	-0,006
10,1600	-0,006
10,1800	-0,006
10,2000	-0,006
10,2200	-0,006
10,2400	-0,006
10,2600	-0,006
10,2800	-0,006
10,3000	-0,006
10,3200	-0,006
10,3400	-0,006
10,3600	-0,006
