Angular Position, Run #3
Time ( s )	Angular Position ( rad )
0,0000	-0,924
0,0200	-0,902
0,0400	-0,875
0,0600	-0,842
0,0800	-0,806
0,1000	-0,765
0,1200	-0,721
0,1400	-0,674
0,1600	-0,622
0,1800	-0,569
0,2000	-0,512
0,2200	-0,452
0,2400	-0,391
0,2600	-0,328
0,2800	-0,262
0,3000	-0,198
0,3200	-0,130
0,3400	-0,064
0,3600	0,002
0,3800	0,068
0,4000	0,134
0,4200	0,198
0,4400	0,259
0,4600	0,320
0,4800	0,379
0,5000	0,435
0,5200	0,489
0,5400	0,537
0,5600	0,584
0,5800	0,628
0,6000	0,668
0,6200	0,702
0,6400	0,732
0,6600	0,759
0,6800	0,781
0,7000	0,798
0,7200	0,809
0,7400	0,817
0,7600	0,818
0,7800	0,817
0,8000	0,809
0,8200	0,796
0,8400	0,781
0,8600	0,759
0,8800	0,732
0,9000	0,702
0,9200	0,669
0,9400	0,631
0,9600	0,589
0,9800	0,545
1,0000	0,496
1,0200	0,446
1,0400	0,393
1,0600	0,336
1,0800	0,278
1,1000	0,218
1,1200	0,157
1,1400	0,094
1,1600	0,031
1,1800	-0,033
1,2000	-0,096
1,2200	-0,159
1,2400	-0,221
1,2600	-0,284
1,2800	-0,344
1,3000	-0,404
1,3200	-0,460
1,3400	-0,514
1,3600	-0,567
1,3800	-0,616
1,4000	-0,661
1,4200	-0,704
1,4400	-0,741
1,4600	-0,776
1,4800	-0,806
1,5000	-0,831
1,5200	-0,851
1,5400	-0,869
1,5600	-0,880
1,5800	-0,886
1,6000	-0,888
1,6200	-0,884
1,6400	-0,878
1,6600	-0,866
1,6800	-0,848
1,7000	-0,826
1,7200	-0,801
1,7400	-0,771
1,7600	-0,738
1,7800	-0,702
1,8000	-0,661
1,8200	-0,617
1,8400	-0,570
1,8600	-0,520
1,8800	-0,468
1,9000	-0,413
1,9200	-0,357
1,9400	-0,300
1,9600	-0,240
1,9800	-0,181
2,0000	-0,121
2,0200	-0,060
2,0400	0,002
2,0600	0,061
2,0800	0,121
2,1000	0,179
2,1200	0,236
2,1400	0,291
2,1600	0,344
2,1800	0,394
2,2000	0,443
2,2200	0,487
2,2400	0,529
2,2600	0,569
2,2800	0,605
2,3000	0,636
2,3200	0,663
2,3400	0,686
2,3600	0,707
2,3800	0,721
2,4000	0,732
2,4200	0,738
2,4400	0,740
2,4600	0,738
2,4800	0,732
2,5000	0,719
2,5200	0,704
2,5400	0,685
2,5600	0,661
2,5800	0,633
2,6000	0,602
2,6200	0,567
2,6400	0,529
2,6600	0,487
2,6800	0,443
2,7000	0,397
2,7200	0,349
2,7400	0,297
2,7600	0,243
2,7800	0,190
2,8000	0,134
2,8200	0,077
2,8400	0,020
2,8600	-0,038
2,8800	-0,096
2,9000	-0,154
2,9200	-0,210
2,9400	-0,267
2,9600	-0,322
2,9800	-0,374
3,0000	-0,426
3,0200	-0,476
3,0400	-0,523
3,0600	-0,567
3,0800	-0,608
3,1000	-0,646
3,1200	-0,680
3,1400	-0,712
3,1600	-0,738
3,1800	-0,762
3,2000	-0,779
3,2200	-0,795
3,2400	-0,804
3,2600	-0,809
3,2800	-0,811
3,3000	-0,809
3,3200	-0,801
3,3400	-0,790
3,3600	-0,774
3,3800	-0,756
3,4000	-0,732
3,4200	-0,705
3,4400	-0,675
3,4600	-0,642
3,4800	-0,605
3,5000	-0,565
3,5200	-0,523
3,5400	-0,478
3,5600	-0,430
3,5800	-0,382
3,6000	-0,330
3,6200	-0,280
3,6400	-0,225
3,6600	-0,171
3,6800	-0,116
3,7000	-0,061
3,7200	-0,008
3,7400	0,046
3,7600	0,099
3,7800	0,152
3,8000	0,203
3,8200	0,253
3,8400	0,300
3,8600	0,346
3,8800	0,390
3,9000	0,430
3,9200	0,468
3,9400	0,503
3,9600	0,534
3,9800	0,562
4,0000	0,587
4,0200	0,608
4,0400	0,625
4,0600	0,639
4,0800	0,649
4,1000	0,655
4,1200	0,657
4,1400	0,655
4,1600	0,649
4,1800	0,638
4,2000	0,625
4,2200	0,606
4,2400	0,586
4,2600	0,561
4,2800	0,533
4,3000	0,503
4,3200	0,468
4,3400	0,432
4,3600	0,393
4,3800	0,350
4,4000	0,308
4,4200	0,262
4,4400	0,215
4,4600	0,167
4,4800	0,116
4,5000	0,066
4,5200	0,014
4,5400	-0,038
4,5600	-0,090
4,5800	-0,141
4,6000	-0,192
4,6200	-0,242
4,6400	-0,291
4,6600	-0,338
4,6800	-0,385
4,7000	-0,429
4,7200	-0,470
4,7400	-0,509
4,7600	-0,547
4,7800	-0,581
4,8000	-0,611
4,8200	-0,639
4,8400	-0,663
4,8600	-0,683
4,8800	-0,701
4,9000	-0,713
4,9200	-0,723
4,9400	-0,727
4,9600	-0,729
4,9800	-0,727
5,0000	-0,721
5,0200	-0,712
5,0400	-0,697
5,0600	-0,680
5,0800	-0,660
5,1000	-0,636
5,1200	-0,609
5,1400	-0,580
5,1600	-0,547
5,1800	-0,512
5,2000	-0,474
5,2200	-0,435
5,2400	-0,393
5,2600	-0,349
5,2800	-0,303
5,3000	-0,256
5,3200	-0,210
5,3400	-0,162
5,3600	-0,113
5,3800	-0,064
5,4000	-0,016
5,4200	0,033
5,4400	0,080
5,4600	0,127
5,4800	0,173
5,5000	0,217
5,5200	0,259
5,5400	0,300
5,5600	0,338
5,5800	0,374
5,6000	0,408
5,6200	0,440
5,6400	0,468
5,6600	0,493
5,6800	0,517
5,7000	0,536
5,7200	0,550
5,7400	0,562
5,7600	0,572
5,7800	0,576
5,8000	0,580
5,8200	0,578
5,8400	0,573
5,8600	0,564
5,8800	0,551
5,9000	0,536
5,9200	0,517
5,9400	0,495
5,9600	0,471
5,9800	0,443
6,0000	0,413
6,0200	0,382
6,0400	0,347
6,0600	0,309
6,0800	0,272
6,1000	0,231
6,1200	0,188
6,1400	0,146
6,1600	0,102
6,1800	0,057
6,2000	0,009
6,2200	-0,035
6,2400	-0,080
6,2600	-0,127
6,2800	-0,173
6,3000	-0,217
6,3200	-0,261
6,3400	-0,303
6,3600	-0,344
6,3800	-0,383
6,4000	-0,421
6,4200	-0,456
6,4400	-0,489
6,4600	-0,520
6,4800	-0,547
6,5000	-0,572
6,5200	-0,594
6,5400	-0,613
6,5600	-0,627
6,5800	-0,639
6,6000	-0,649
6,6200	-0,652
6,6400	-0,655
6,6600	-0,653
6,6800	-0,649
6,7000	-0,639
6,7200	-0,628
6,7400	-0,614
6,7600	-0,595
6,7800	-0,575
6,8000	-0,551
6,8200	-0,526
6,8400	-0,498
6,8600	-0,467
6,8800	-0,434
6,9000	-0,399
6,9200	-0,361
6,9400	-0,324
6,9600	-0,284
6,9800	-0,243
7,0000	-0,201
7,0200	-0,159
7,0400	-0,116
7,0600	-0,072
7,0800	-0,030
7,1000	0,013
7,1200	0,055
7,1400	0,096
7,1600	0,137
7,1800	0,176
7,2000	0,214
7,2200	0,250
7,2400	0,284
7,2600	0,317
7,2800	0,347
7,3000	0,374
7,3200	0,401
7,3400	0,424
7,3600	0,443
7,3800	0,460
7,4000	0,474
7,4200	0,487
7,4400	0,495
7,4600	0,500
7,4800	0,503
7,5000	0,503
7,5200	0,498
7,5400	0,492
7,5600	0,481
7,5800	0,468
7,6000	0,452
7,6200	0,434
7,6400	0,412
7,6600	0,388
7,6800	0,361
7,7000	0,335
7,7200	0,305
7,7400	0,272
7,7600	0,239
7,7800	0,203
7,8000	0,167
7,8200	0,129
7,8400	0,090
7,8600	0,049
7,8800	0,009
7,9000	-0,031
7,9200	-0,072
7,9400	-0,112
7,9600	-0,152
7,9800	-0,192
8,0000	-0,231
8,0200	-0,269
8,0400	-0,305
8,0600	-0,339
8,0800	-0,374
8,1000	-0,405
8,1200	-0,435
8,1400	-0,462
8,1600	-0,487
8,1800	-0,509
8,2000	-0,529
8,2200	-0,547
8,2400	-0,561
8,2600	-0,572
8,2800	-0,580
8,3000	-0,586
8,3200	-0,587
8,3400	-0,587
8,3600	-0,583
8,3800	-0,576
8,4000	-0,567
8,4200	-0,554
8,4400	-0,539
8,4600	-0,522
8,4800	-0,501
8,5000	-0,479
8,5200	-0,456
8,5400	-0,427
8,5600	-0,399
8,5800	-0,368
8,6000	-0,336
8,6200	-0,302
8,6400	-0,267
8,6600	-0,231
8,6800	-0,193
8,7000	-0,156
8,7200	-0,118
8,7400	-0,080
8,7600	-0,042
8,7800	-0,005
8,8000	0,033
8,8200	0,069
8,8400	0,105
8,8600	0,141
8,8800	0,174
8,9000	0,206
8,9200	0,237
8,9400	0,267
8,9600	0,292
8,9800	0,317
9,0000	0,341
9,0200	0,361
9,0400	0,380
9,0600	0,396
9,0800	0,410
9,1000	0,419
9,1200	0,427
9,1400	0,432
9,1600	0,435
9,1800	0,435
9,2000	0,432
9,2200	0,426
9,2400	0,418
9,2600	0,407
9,2800	0,393
9,3000	0,379
9,3200	0,360
9,3400	0,339
9,3600	0,317
9,3800	0,292
9,4000	0,267
9,4200	0,239
9,4400	0,210
9,4600	0,179
9,4800	0,148
9,5000	0,115
9,5200	0,080
9,5400	0,046
9,5600	0,011
9,5800	-0,024
9,6000	-0,060
9,6200	-0,096
9,6400	-0,130
9,6600	-0,165
9,6800	-0,199
9,7000	-0,232
9,7200	-0,265
9,7400	-0,295
9,7600	-0,325
9,7800	-0,353
9,8000	-0,380
9,8200	-0,404
9,8400	-0,426
9,8600	-0,446
9,8800	-0,463
9,9000	-0,481
9,9200	-0,493
9,9400	-0,503
9,9600	-0,511
9,9800	-0,517
10,0000	-0,518
10,0200	-0,518
10,0400	-0,517
10,0600	-0,511
10,0800	-0,503
10,1000	-0,493
10,1200	-0,481
10,1400	-0,465
10,1600	-0,449
10,1800	-0,430
10,2000	-0,408
10,2200	-0,386
10,2400	-0,361
10,2600	-0,335
10,2800	-0,306
10,3000	-0,278
10,3200	-0,248
10,3400	-0,217
10,3600	-0,185
10,3800	-0,152
10,4000	-0,119
10,4200	-0,086
10,4400	-0,053
10,4600	-0,020
10,4800	0,013
10,5000	0,044
